5 0.3625 0.09453125 0.23125 0.0671875
9 0.72890625 0.05078125 0.46328125 0.04921875
10 0.34140625 0.35078125 0.6046875 0.2484375
10 0.346875 0.6796875 0.61328125 0.21484375
10 0.3625 0.93515625 0.60859375 0.1203125
7 0.11796875 0.09921875 0.20703125 0.10078125
7 0.81328125 0.31484375 0.18046875 0.15859375
6 0.803125 0.7578125 0.1953125 0.06328125
6 0.81640625 0.83125 0.21875 0.06953125
6 0.815625 0.8953125 0.20703125 0.05234375
6 0.8203125 0.94765625 0.23046875 0.03203125
6 0.8203125 0.98203125 0.2203125 0.03359375