1 0.809375 0.55390625 0.090625 0.0359375
1 0.80859375 0.76796875 0.090625 0.0359375
1 0.809375 0.98359375 0.0890625 0.0328125
4 0.18125 0.64296875 0.296875 0.21015625
7 0.4875 0.11875 0.33046875 0.059375
9 0.4875 0.24296875 0.77578125 0.04453125
10 0.16484375 0.38671875 0.3 0.2140625
10 0.1609375 0.81796875 0.2984375 0.0875
10 0.1734375 0.91015625 0.28671875 0.07890625
10 0.4828125 0.3203125 0.28203125 0.06171875
10 0.48515625 0.43828125 0.3 0.065625
10 0.48203125 0.565625 0.28515625 0.0828125
10 0.48359375 0.6984375 0.284375 0.06015625
10 0.4796875 0.83671875 0.2765625 0.1140625
10 0.47890625 0.94609375 0.27421875 0.071875