10 0.134375 0.278125 0.21875 0.2921875
10 0.4109375 0.678125 0.20546875 0.09609375
10 0.6296875 0.70234375 0.17421875 0.0734375
10 0.83828125 0.7390625 0.171875 0.13828125
10 0.4078125 0.8203125 0.2078125 0.10859375
10 0.40859375 0.9640625 0.1984375 0.071875
10 0.61875 0.8296875 0.19296875 0.07421875
10 0.846875 0.9171875 0.165625 0.09296875
10 0.5953125 0.93984375 0.15 0.06171875
7 0.1125 0.0421875 0.1921875 0.0609375
9 0.7390625 0.0609375 0.4453125 0.0484375
1 0.7859375 0.5046875 0.09375 0.04921875
1 0.88203125 0.50546875 0.0984375 0.059375