5 0.4359375 0.0765625 0.3984375 0.0515625
1 0.6640625 0.075 0.071875 0.0546875
5 0.2375 0.315625 0.225 0.04375
5 0.5140625 0.31875 0.23125 0.04375
5 0.2390625 0.3703125 0.2265625 0.046875
5 0.515625 0.36953125 0.228125 0.0421875
1 0.5640625 0.42109375 0.140625 0.0484375
1 0.2015625 0.678125 0.05625 0.0296875
1 0.43984375 0.67734375 0.0578125 0.03125
1 0.678125 0.67890625 0.059375 0.03125
1 0.91328125 0.678125 0.059375 0.0359375
1 0.91484375 0.7953125 0.059375 0.0328125
1 0.675 0.79609375 0.0625 0.03125
1 0.4390625 0.79765625 0.059375 0.0328125
1 0.20234375 0.79609375 0.059375 0.03125