5 0.409375 0.24296875 0.665625 0.0609375
1 0.828125 0.23828125 0.15625 0.06953125
6 0.23125 0.134375 0.296875 0.0890625
6 0.1359375 0.03515625 0.24453125 0.04765625
6 0.146875 0.31015625 0.12734375 0.02578125
6 0.3265625 0.30390625 0.18828125 0.03125
6 0.49453125 0.30703125 0.11328125 0.02890625
6 0.6796875 0.31328125 0.20703125 0.02734375
6 0.1796875 0.4984375 0.27421875 0.05
6 0.49140625 0.51015625 0.25859375 0.05546875
6 0.81171875 0.5109375 0.26484375 0.0609375
6 0.17421875 0.74375 0.2578125 0.08046875
6 0.4984375 0.74921875 0.28125 0.05546875
6 0.78515625 0.740625 0.2609375 0.0296875
6 0.17109375 0.97421875 0.234375 0.0375
6 0.484375 0.9796875 0.25 0.040625
6 0.7921875 0.971875 0.23515625 0.04609375