5 0.875 0.071875 0.240625 0.04921875
7 0.084375 0.11484375 0.16875 0.21015625
1 0.05234375 0.2421875 0.07265625 0.04140625
1 0.13125 0.24296875 0.06875 0.04296875
6 0.7953125 0.37109375 0.3125 0.071875
10 0.41484375 0.52109375 0.39140625 0.103125
10 0.41953125 0.65859375 0.4015625 0.10859375
10 0.41796875 0.78046875 0.421875 0.10859375
10 0.41875 0.8921875 0.4203125 0.10703125
6 0.509375 0.98046875 0.17109375 0.03359375
6 0.27265625 0.47734375 0.10078125 0.03125
6 0.53671875 0.5078125 0.09453125 0.03203125
6 0.44609375 0.6171875 0.09921875 0.0296875
6 0.45 0.646875 0.3234375 0.02578125
6 0.31640625 0.6796875 0.125 0.021875
6 0.44921875 0.75390625 0.3171875 0.028125
1 0.28828125 0.08125 0.0890625 0.0296875
1 0.63515625 0.0828125 0.0953125 0.02890625
1 0.72890625 0.08125 0.0546875 0.0296875
1 0.56953125 0.078125 0.0265625 0.01953125
1 0.20703125 0.084375 0.1078125 0.02890625