7 0.0890625 0.05625 0.15546875 0.08828125
9 0.51015625 0.05234375 0.54609375 0.103125
1 0.10625 0.77734375 0.14375 0.03125
1 0.26171875 0.7765625 0.12109375 0.03984375
1 0.40625 0.7765625 0.11875 0.03984375
1 0.540625 0.775 0.10703125 0.0265625
1 0.69296875 0.7765625 0.1484375 0.03359375
1 0.8296875 0.775 0.078125 0.03203125
1 0.9171875 0.7765625 0.03515625 0.0296875
1 0.0984375 0.828125 0.12421875 0.03046875
1 0.2421875 0.8265625 0.12578125 0.03671875
1 0.37265625 0.82890625 0.09296875 0.03203125
10 0.30625 0.46953125 0.603125 0.46875