1 0.1828125 0.58203125 0.18046875 0.05
5 0.18359375 0.38828125 0.16640625 0.0203125
5 0.184375 0.45859375 0.1796875 0.02734375
5 0.51484375 0.39296875 0.16875 0.0203125
5 0.51484375 0.46328125 0.175 0.025
5 0.51796875 0.5375 0.1765625 0.03203125
5 0.8390625 0.31015625 0.21015625 0.05859375
1 0.75546875 0.5171875 0.0765625 0.1265625
1 0.8515625 0.51875 0.078125 0.11484375
1 0.946875 0.51796875 0.08125 0.12265625
1 0.78671875 0.75859375 0.1125 0.2109375
1 0.93046875 0.759375 0.10859375 0.20078125
7 0.18046875 0.1234375 0.18515625 0.06640625
7 0.5171875 0.125 0.1734375 0.0546875